255 255 255	BACKGROUND
255 255 255
240 255 220	BACK2		220 255 220	2nd off-white background
255 255 255
255 255 255
255 255 255
255 255 255
255 255 255
255 255 255
255 255 255
255 255 255
255 255 255
255 255 255
255 255 255
255 255 255
255 255 255
255 255 255
255 255 255
255 255 255
255 255 255
255 255 255
255 255 255
255 255 255
255 255 255
255 255 255
255 255 255
255 255 255
255 255 255
255 255 255
255 255 255
255 255 255
255 255 255
255 255 255
255 255 255
255 255 255
255 255 255
255 255 255
255 255 255
255 255 255
255 255 255
255 255 255
255 255 255
255 255 255
255 255 255
255 255 255
250 250 250
245 245 245
241 241 241
236 236 236
231 231 231
227 227 227
222 222 222
217 217 217
213 213 213
208 208 208
204 204 204
199 199 199
194 194 194
190 190 190
185 185 185
180 180 180
176 176 176
171 171 171
166 166 166
162 162 162
157 157 157
153 153 153
148 148 148
143 143 143
139 139 139
134 134 134
129 129 129
125 125 125
120 120 120
115 115 115
111 111 111
106 106 106
102 102 102
 97  97  97
 92  92  92
 88  88  88
 83  83  83
 78  78  78
 74  74  74
 69  69  69
 64  64  64
 60  60  60
 55  55  55
 51  51  51
 46  46  46
 41  41  41
 37  37  37
 32  32  32
 27  27  27
 23  23  23
 18  18  18
 13  13  13
  9   9   9
  4   4   4
  0   0   0
  0   0   0
  0   0   0
  0   0   0
  0   0   0
  0   0   0
  0   0   0
  0   0   0
  0   0   0
  0   0   0
  0   0   0
  0   0   0
  0   0   0
  0   0   0
  0   0   0
  0   0   0
  0 200 100	WAVE2		  0 200 100	(115)
211  70 255	YA1		211  70 255	(116)
200   1   1	YA2		255   1   1	(117)
200 172   2	YA3		255 172   2	(118)
 74 255   1	YA4		 74 255   1	(119)
  8 149 255	YA5		  8 149 255	(120)
  0 255   0	MARKER		  0 255   0	(121)
150   0   0	CURSOR		255   0   0	(122)
  0   0   0	WAVEFORM	  0   0   0	(123)
  0 140 180	TEXT		  0 140 180	(124)
  0   0 255	RETICLE		200   0 255	(125)
255 255 255	BACKGRND	255 255 255	(126)
  0   0   0	FOREGROUND	  0   0   0	(127)
