 92  91  90
 91  86  90
 91  81  90
 90  76  89
 89  71  89
 88  66  89
 88  61  89
 87  56  89
 86  51  89
 86  47  88
 85  42  88
 84  37  88
 84  32  88
 83  27  88
 82  22  88
 81  17  87
 81  12  87
 80   7  87
 77   7  90
 74   7  93
 71   7  96
 68   8  99
 65   8 102
 62   8 105
 59   8 109
 56   8 112
 53   8 115
 50   8 118
 47   8 121
 45   9 124
 42   9 127
 39   9 130
 36   9 133
 33   9 136
 30   9 139
 27   9 142
 24   9 146
 21  10 149
 18  10 152
 15  10 155
 12  10 158
  9  10 161
  9  18 161
  9  26 161
  8  35 161
  8  43 161
  8  51 161
  8  59 161
  8  67 161
  8  76 161
  7  84 160
  7  92 160
  7 100 160
  7 108 160
  7 116 160
  6 125 160
  6 133 160
  6 141 160
  5 145 142
  5 149 124
  4 153 107
  4 157  89
  3 162  71
  3 166  53
  2 170  36
  2 174  18
  1 178   0
 24 179   0
 47 181   0
 70 182   0
 93 184   0
116 185   0
140 187   0
163 188   0
186 190   0
209 191   0
232 193   0
255 194   0
255 178   0
255 162   0
255 146   0
255 130   0
255 114   0
255  97   0
255  81   0
255  65   0
255  49   0
255  33   0
255  17   0
255   1   0
245   6   0
235  10   0
226  15   0
216  20   0
206  25   0
196  29   0
187  34   0
177  39   0
167  43   0
157  48   0
147  53   0
138  58   0
128  62   0
118  67   0
126  80  20
134  92  41
142 105  61
150 118  82
158 130 102
166 143 123
174 155 143
182 168 164
190 181 184
198 193 205
206 206 225
  0 200 100
211  70 255
255   1   1
255 172   2
 74 255   1
  8 149 255
  0 255   0
255   0   0
  0   0   0
  0 140 180
200   0 255
255 255 255
  0   0   0
