0    175  175
0    169  175
0    163  175
0    157  175
0    151  175
0    145  175
0    139  175
0    133  175
0    121  175
0    115  175
0    109  175
0    103  175
0    97   175
0    91   175
0    85   175
0    79   175
0    67   175
0    61   175
0    55   175
0    49   175
0    43   175
0    37   175
0    31   175
0    0    128
4    0    124
6    0    122
8    0    120
10   0    118
12   0    116
14   0    114
16   0    112
18   0    110
22   0    106
24   0    104
26   0    102
28   0    100
30   0    98 
32   0    96 
34   0    94 
36   0    92 
40   0    88 
42   0    86 
44   0    84 
46   0    82 
48   0    80 
64   0    78 
70   0    76 
76   0    74 
88   0    70 
94   0    68 
100  0    66 
106  0    64 
112  0    62 
118  0    60 
124  0    58 
130  0    56 
142  0    52 
148  0    50 
154  0    48 
160  0    46 
166  0    44 
172  0    42 
178  0    40 
184  0    38 
196  0    34 
202  0    32 
208  0    30 
255  0    0  
255  10   0  
255  20   0  
255  30   0  
255  40   0  
255  60   0  
255  70   0  
255  80   0  
255  90   0  
255  100  0  
255  110  0  
255  120  0  
255  130  0  
255  150  0  
255  160  0  
255  170  0  
255  180  0  
255  190  0  
255  200  0  
255  210  0  
255  220  0  
255  240  0  
255  255  0  
255  255   8 
255  255  16 
255  255  24 
255  255  32 
255  255  40 
255  255  48 
255  255  64 
255  255  72 
255  255  80 
255  255  88 
255  255  96 
255  255  104
255  255  112
255  255  120
255  255  136
255  255  144
255  255  152
255  255  160
255  255  168
255  255  176
255  255  184
255  255  192
255  255  208
255  255  216
255  255  224
  0 200 100     WAVE2             0 200 100     (115)
211  70 255     YA1             211  70 255     (116)
255   1   1     YA2             255   1   1     (117)
255 172   2     YA3             255 172   2     (118)
 74 255   1     YA4              74 255   1     (119)
  8 149 255     YA5               8 149 255     (120)
255 255 255     MARKER            0 255   0     (121)
255 255   0     CURSOR          255   0   0     (122)
  0   0   0     WAVEFORM          0   0   0     (123)
  140 0 180     TEXT              0 140 180     (124)
  0   0 210     RETICLE         200   0 255     (125)
255 255 255     BACKGRND        255 255 255     (126)
  0   0   0     FOREGROUND        0   0   0     (127)
