192 192 192
156 156 161
145 144 153
133 132 146
121 120 139
110 108 131
 98  96 124
 86  85 117
 74  73 110
 63  61 102
 51  49  95
 39  37  88
 28  25  80
 16  13  73
 17  14  78
 18  14  84
 19  15  89
 20  16  95
 21  16 101
 22  17 106
 22  18 112
 23  18 118
 24  19 123
 25  20 129
 26  20 134
 27  21 140
 33  23 147
 38  25 154
 44  27 160
 50  29 167
 55  31 174
 61  33 181
 67  35 187
 72  37 194
 78  39 201
 83  41 208
 89  43 214
 95  45 221
100  47 228
106  49 235
112  51 241
117  53 248
123  55 255
122  64 254
120  73 253
119  81 252
118  90 251
116  99 250
115 108 250
113 117 249
112 126 248
111 134 247
109 143 246
108 152 245
111 163 233
113 175 221
116 186 208
119 198 196
121 209 184
124 221 172
127 232 159
129 244 147
132 255 135
150 240 127
167 225 119
185 210 111
202 196 102
220 181  94
237 166  86
255 151  78
255 126  65
255 101  52
255  75  38
255  50  25
255  25  12
255  46  33
255  66  54
255  87  74
255 108  95
255 128 116
255 149 137
255 169 158
255 190 179
255 211 199
255 231 220
255 252 241
250 243 242
245 234 243
240 224 244
235 215 245
231 206 245
226 197 246
221 187 247
216 178 248
211 169 249
200 161 237
190 152 224
179 144 212
169 135 199
158 127 187
148 118 174
137 110 162
127 101 149
116  93 137
105  85 125
 95  76 112
 84  68 100
 74  59  87
 63  51  75
 53  42  62
 42  34  50
 32  25  37
 21  17  25
 11   8  12
  0   0   0
221  16  24
211  70 255
200   1   1
208 114   1
 74 255   1
  8 149 255
  0 255   0
255   0   0
  0   0   0
  0 140 180
  0   0 255
255 255 255
  0   0   0
