  1   1   1
  0   0   0
  3   3   3
  5   5   5
  8   8   8
 11  11  11
 13  13  13
 16  16  16
 19  19  19
 21  21  21
 24  24  24
 27  27  27
 29  29  29
 32  32  32
 35  35  35
 37  37  37
 40  40  40
 43  43  43
 45  45  45
 48  48  48
 50  50  50
 53  53  53
 56  56  56
 58  58  58
 61  61  61
 64  64  64
 66  66  66
 69  69  69
 72  72  72
 74  74  74
 77  77  77
 80  80  80
 82  82  82
 85  85  85
 88  88  88
 90  90  90
 93  93  93
 96  96  96
 98  98  98
101 101 101
104 104 104
106 106 106
109 109 109
112 112 112
114 114 114
117 117 117
120 120 120
122 122 122
125 125 125
128 128 128
130 130 130
133 133 133
135 135 135
138 138 138
141 141 141
143 143 143
146 146 146
149 149 149
151 151 151
154 154 154
157 157 157
159 159 159
162 162 162
165 165 165
167 167 167
170 170 170
173 173 173
175 175 175
178 178 178
181 181 181
183 183 183
186 186 186
189 189 189
191 191 191
194 194 194
197 197 197
199 199 199
202 202 202
205 205 205
207 207 207
210 210 210
213 213 213
215 215 215
218 218 218
220 220 220
223 223 223
226 226 226
228 228 228
231 231 231
234 234 234
236 236 236
239 239 239
242 242 242
244 244 244
247 247 247
250 250 250
252 252 252
255 255 255
255 255 255
255 255 255
255 255 255
255 255 255
255 255 255
255 255 255
255 255 255
255 255 255
255 255 255
255 255 255
255 255 255
255 255 255
255 255 255
255 255 255
255 255 255
255 255 255
255 255 255
  0 200 100
211  70 255
255   1   1
255 172   2
 74 255   1
  8 149 255
  0 255   0
255   0   0
255 252   3
255 255   0
255 172  38
  0 255 255
  0 255 255
