255 255 255
  0   0   0
  2   2   2
  5   5   5
  7   7   7
  9   9   9
 11  11  11
 14  14  14
 16  16  16
 18  18  18
 20  20  20
 23  23  23
 25  25  25
 27  27  27
 29  29  29
 32  32  32
 34  34  34
 36  36  36
 38  38  38
 41  41  41
 43  43  43
 45  45  45
 47  47  47
 50  50  50
 52  52  52
 54  54  54
 56  56  56
 59  59  59
 61  61  61
 63  63  63
 65  65  65
 68  68  68
 70  70  70
 72  72  72
 74  74  74
 77  77  77
 79  79  79
 81  81  81
 83  83  83
 86  86  86
 88  88  88
 90  90  90
 93  93  93
 95  95  95
 97  97  97
 99  99  99
102 102 102
104 104 104
106 106 106
108 108 108
111 111 111
113 113 113
115 115 115
117 117 117
120 120 120
122 122 122
124 124 124
126 126 126
129 129 129
131 131 131
133 133 133
135 135 135
138 138 138
140 140 140
142 142 142
144 144 144
147 147 147
149 149 149
151 151 151
153 153 153
156 156 156
158 158 158
160 160 160
162 162 162
165 165 165
167 167 167
169 169 169
172 172 172
174 174 174
176 176 176
178 178 178
181 181 181
183 183 183
185 185 185
187 187 187
190 190 190
192 192 192
194 194 194
196 196 196
199 199 199
201 201 201
203 203 203
205 205 205
208 208 208
210 210 210
212 212 212
214 214 214
217 217 217
219 219 219
221 221 221
223 223 223
226 226 226
228 228 228
230 230 230
232 232 232
235 235 235
237 237 237
239 239 239
241 241 241
244 244 244
246 246 246
248 248 248
250 250 250
253 253 253
255 255 255
221  16  24
211  70 255
200   1   1
208 114   1
 74 255   1
  8 149 255
  0 255   0
150  59  36
  0   0   0
  0 140 180
  0   0 255
255 255 255
  0   0   0
