255 255 255
253 253 253
251 251 251
248 248 248
246 246 246
244 244 244
242 242 242
239 239 239
237 237 237
235 235 235
233 233 233
230 230 230
228 228 228
226 226 226
224 224 224
221 221 221
219 219 219
217 217 217
215 215 215
213 213 213
210 210 210
208 208 208
206 206 206
204 204 204
201 201 201
199 199 199
197 197 197
195 195 195
192 192 192
190 190 190
188 188 188
186 186 186
183 183 183
181 181 181
179 179 179
177 177 177
174 174 174
172 172 172
170 170 170
168 168 168
166 166 166
163 163 163
161 161 161
159 159 159
157 157 157
154 154 154
152 152 152
150 150 150
148 148 148
145 145 145
143 143 143
141 141 141
139 139 139
136 136 136
134 134 134
132 132 132
130 130 130
128 128 128
125 125 125
123 123 123
121 121 121
119 119 119
116 116 116
114 114 114
112 112 112
110 110 110
107 107 107
105 105 105
103 103 103
101 101 101
 98  98  98
 96  96  96
 94  94  94
 92  92  92
 89  89  89
 87  87  87
 85  85  85
 83  83  83
 81  81  81
 78  78  78
 76  76  76
 74  74  74
 72  72  72
 69  69  69
 67  67  67
 65  65  65
 63  63  63
 60  60  60
 58  58  58
 56  56  56
 54  54  54
 51  51  51
 49  49  49
 47  47  47
 45  45  45
 43  43  43
 40  40  40
 38  38  38
 36  36  36
 34  34  34
 31  31  31
 29  29  29
 27  27  27
 25  25  25
 22  22  22
 20  20  20
 18  18  18
 16  16  16
 13  13  13
 11  11  11
  9   9   9
  7   7   7
  4   4   4
  2   2   2
  0   0   0
  0 200 100
211  70 255
255   1   1
255 172   2
 74 255   1
  8 149 255
  0 255   0
255   0   0
  0   0   0
  0 140 180
200   0 255
255 255 255
  0   0   0
